86119106497840
214572731257568
16347293924784
17756107268614
243542814991816
262281579374724
163454186850556
87031415611873
149732026109185
61820467476108
103786638076601
77303880091301
111408197311721
103256728504203
252626663422393
94009022646679
1252339803566
19859547683322
268433469365583
10759394346704
195297883294501
262522671777909
245558512447234
139761124626862
104081773926431
225986789154693
178555652571863
203685766228826
30054937091173
4337953094713
158316964992067
59665165133807
88060965838011
263972359890237
229561307305795
18199244904065
81653757071585
11170005450471
141400905437140
40834114543542
205398406929032
89951963053926
198239745232190
77261928739173
215151145083937
60628870128017
205198558017191
223168089886026
41303308141714
38992105566132
28204768563961
7572518792420
12639560807591
188687364514644
132033696632160
68428926545375
85873573270094
67066741210960
126605727399747
266462074800686
23593130178765
81263963638651
62603844222786
18483455048454
80557044293978
207493565218514
30581813007233
280291299563683
277458320934593
230452925672863
277515277585463
29089928277373
257110405481434
91817019950540
63716389910332
163327436158388
56414685655968
132854487178939
171088031194242
5601266154050
185191354590588
196934368191473
23770783250938
260992596962571
139028728648447
39005622580143
187372144064677
169618621411728
176800215813134
39859406485734
136929052181490
36212632719018
271648488454992
109899633275761
59112496180970
80798081114349
1272259798559
7680890728650
78359653510570
175387414441613
131993145357534
5145483253513
83050616095643
194716368060295
42314208291274
261683006747890
106150487182509
48939529147579
94745481952721
171635257146764
130528914446151
85022770160929
88780175381729
112453193185843
44009123736191
129153374871944
57869290792477
99660428945387
133747148180235
54799622715302
267966743027591
6335157561408
121426486551523
269119641458109
164146740964321
130481650671667
253383408980179
192426881471378
51101297206144
207302220793465
135658402276906
218997104404214
48794356410718
133351132017619
78046436195905
92501913642218
186746307373264
141431600530701
82018444517655
54587092430231
267445959186766
181792856256929
236926760580696
267609942203034
105840999213879
185895448245062
108916342700357
224833127282221
252472589824946
236614363512057
175979032338706
180954126927762
269896480384592
139135923300128
133292692499348
184922007900201
105579478788595
76527009766959
33350379476617
17995892854074
229319160229391
69609856269322
260351244058145
133257915962878
22183621822862
193498979667189
148044796865345
64551007612858
1679641928004
15681358599450
170052967564863
97646330651088
263775330274147
8681844482850
184777002834026
115873519952737
206231378752674
269050323939773
185079710227621
278798244192815
231154271004480
273352002611600
167072386810842
63476152619655
112940878780541
53148833486047
28144259049658
21010652444840
274063840293718
239496912643350
103998194181708
77182424306278
281060477973977
143906914639303
183315297229165
79111403404442
103576446797335
71381981711871
131404935810738
168015789077263
218796484670282
121739171405202
34911701098431
178858950138911
80423450140220
116333895145045
2579932616331
107065136018433
225325751586638
5020143137211
131773983834250
178183327397239
276728860705161
95151780308841
16384026414706
195941152749159
7282782999381
102111574707951
51394439323066
103912281609040
47334168288729
125954407820672
229675783400528
28145684579279
118281075999064
209123096662320
86817739143879
259600076146315
64933976560315
133554754525857
74332170817758
246929977513855
89110306461984
210316168866209
49712323586043
72212662057654
168698449680984
198075846723102
157515842393095
268873989673474
173844009607666
207649577408623
194671993660064
46382736635840
110494980696814
114364219417727
136172118045395
270275538563620
154289165059779
173808899305713
72813161584488
197344917776938
27248097892957
262069035075463
252951908471876
197235271847792
23406746127304
133136309948832
22532089706889
138705062821220
75704340932214
37908995999986
6447527646186
43977890195697
20001834541437
174262098720075
100771710683634
125952013300870
149117408188942
157226661382842
208886908053041
251127597573020
132058711150033
112775316220783
41941786536935
124676633425267
93490793677940
247767431256977
263392518194890
26319233789454
149643847124192
192692343350638
44081436890597
40956208776469
198266627907369
166875456174155
151823478325674
137241668717240
25296723466027
38322969102051
43935946737362
127517596688994
241996059280485
166721832615483
18517940995316
103582303893626
214816980817252
54926746889752
106079878956020
49534994750419
182087889708399
274677012401415
157606376843577
71432410605182
118485905119293
109864465509954
102029098096261
255320322989778
218119242348073
36427802545466
143694748644249
274493413390925
67346977622820
77832927010710
183307128826540
8712563832554
204349732031005
240587083445347
191981830340478
227013681530533
68485830393709
33266086194351
95062718521348
165216960017713
89470223580135
40976637345731
224464308529424
240306622847094
242949277754412
258237566084521
87919276942456
27932326533321
79726292289047
48455039594066
160888730138947
221166328108332
31865679879784
96214383360627
117813837180006
262534508730959
184417002225525
281205828320417
246631652768918
10880510825243
134198565019795
72061040661322
229926462784947
112518212777502
212703922233424
202807357436622
196184437994412
192803403297411
183690246677486
175026518773038
103899707980421
88026465034109
225979484556258
207595838999742
30373804074051
48801314797343
275759324256961
269505878138640
134393118622376
261564103434862
119914759372174
83611953083118
146647161146816
271347251834362
21232708893780
123533632127266
244828865515586
256448982001799
233114968366922
108694285641009
144330536847102
223822420821589
5953630968269
49160289345306
190660683538401
16508054338972
160923064121683
174925870281549
101531095774923
212575426119644
112717863785889
84948799517770
133146613806579
276111009888318
243672000801887
117473549532614
107969539441913
124832317098421
141471888075398
240226012373593
21769015342879
65391750134144
86449123543378
183812835001603
274683790319798
249436063983467
251022003811177
257268756979349
43192286698637
165172979135964
271184404741068
198850012241726
32225346417081
66202456366076
253857904988474
3373295435638
100043174358994
68776567390102
265721470228944
187707772448569
177523928951928
208925550869609
122096467518708
250845635365871
225902824726985
196010605910823
180084767642619
47498906999218
123133503759617
274850145767759
121901563730978
137573019619080
9277914188044
266647738051343
21625609698694
18269795425247
39860239512469
93064982277212
222656062190286
240832235900262
111186925770959
200285183752515
64786834362056
165348632022699
142159496826239
247284478571320
81816464146965
209987524306087
110014060911622
19148042891053
145934096400767
14895733446040
247304559749794
260142468095943
6676525615332
83171028160219
9924005022437
26616040923734